1.0000,0.0000,0.0000
0.0000,1.0000,0.0000
0.0000,0.0000,1.0000
1.0000,0.0000,0.0000
0.0000,1.0000,0.0000
0.0000,0.0000,1.0000
1.0000,0.0000,0.0000
0.0000,1.0000,0.0000
0.0000,0.0122,0.9878
1.0000,0.0000,0.0000
0.0000,1.0000,0.0000
0.0000,0.1546,0.8454
1.0000,0.0000,0.0000
0.0000,1.0000,0.0000
0.0000,0.0000,1.0000
1.0000,0.0000,0.0000
0.0000,1.0000,0.0000
0.0000,0.2071,0.7929
1.0000,0.0000,0.0000
0.0000,1.0000,0.0000
0.0000,0.0000,1.0000
1.0000,0.0000,0.0000
0.0000,1.0000,0.0000
0.0000,0.0000,1.0000
1.0000,0.0000,0.0000
0.0000,1.0000,0.0000
0.0000,0.9992,0.0008
1.0000,0.0000,0.0000
0.0000,1.0000,0.0000
0.0000,0.0000,1.0000
1.0000,0.0000,0.0000
0.0000,1.0000,0.0000
0.0000,0.0000,1.0000
1.0000,0.0000,0.0000
0.0000,1.0000,0.0000
0.0000,0.0000,1.0000
1.0000,0.0000,0.0000
0.0000,1.0000,0.0000
0.0000,0.0000,1.0000
1.0000,0.0000,0.0000
0.0000,1.0000,0.0000
0.0000,0.0000,1.0000
1.0000,0.0000,0.0000
0.0000,1.0000,0.0000
0.0000,0.0000,1.0000
1.0000,0.0000,0.0000
0.0000,1.0000,0.0000
0.0000,1.0000,0.0000
1.0000,0.0000,0.0000
0.0000,1.0000,0.0000
0.0000,0.0000,1.0000
1.0000,0.0000,0.0000
0.0000,1.0000,0.0000
0.0000,0.0000,1.0000
1.0000,0.0000,0.0000
0.0000,1.0000,0.0000
0.0000,0.0000,1.0000
1.0000,0.0000,0.0000
0.0000,1.0000,0.0000
0.0000,1.0000,0.0000
1.0000,0.0000,0.0000
0.0000,1.0000,0.0000
0.0000,0.0000,1.0000
1.0000,0.0000,0.0000
0.0000,1.0000,0.0000
0.0000,0.0000,1.0000
1.0000,0.0000,0.0000
0.0000,1.0000,0.0000
0.0000,0.0000,1.0000
1.0000,0.0000,0.0000
0.0000,1.0000,0.0000
0.0000,0.0000,1.0000
1.0000,0.0000,0.0000
0.0000,1.0000,0.0000
0.0000,0.0000,1.0000
1.0000,0.0000,0.0000
0.0000,1.0000,0.0000
0.0000,0.0000,1.0000
1.0000,0.0000,0.0000
0.0000,1.0000,0.0000
0.0000,0.0000,1.0000
1.0000,0.0000,0.0000
0.0000,1.0000,0.0000
0.0000,0.6671,0.3329
1.0000,0.0000,0.0000
0.0000,1.0000,0.0000
0.0000,0.0554,0.9446
1.0000,0.0000,0.0000
0.0000,1.0000,0.0000
0.0000,0.0000,1.0000
1.0000,0.0000,0.0000
0.0000,1.0000,0.0000
0.0000,0.0000,1.0000
1.0000,0.0000,0.0000
0.0000,1.0000,0.0000
0.0000,0.0000,1.0000
1.0000,0.0000,0.0000
0.0000,1.0000,0.0000
0.0000,0.0000,1.0000
1.0000,0.0000,0.0000
0.0000,1.0000,0.0000
0.0000,0.0000,1.0000
1.0000,0.0000,0.0000
0.0000,1.0000,0.0000
0.0000,0.0000,1.0000
1.0000,0.0000,0.0000
0.0000,1.0000,0.0000
0.0000,0.0000,1.0000
1.0000,0.0000,0.0000
0.0000,1.0000,0.0000
0.0000,0.4867,0.5133
1.0000,0.0000,0.0000
0.0000,1.0000,0.0000
0.0000,0.0000,1.0000
1.0000,0.0000,0.0000
0.0000,1.0000,0.0000
0.0000,0.0000,1.0000
1.0000,0.0000,0.0000
0.0000,1.0000,0.0000
0.0000,0.0000,1.0000
1.0000,0.0000,0.0000
0.0000,1.0000,0.0000
0.0000,0.0000,1.0000
1.0000,0.0000,0.0000
0.0000,1.0000,0.0000
0.0000,0.0000,1.0000
1.0000,0.0000,0.0000
0.0000,1.0000,0.0000
0.0000,0.0404,0.9596
1.0000,0.0000,0.0000
0.0000,1.0000,0.0000
0.0000,0.0000,1.0000
1.0000,0.0000,0.0000
0.0000,1.0000,0.0000
0.0000,0.9971,0.0029
1.0000,0.0000,0.0000
0.0000,1.0000,0.0000
0.0000,0.8501,0.1499
1.0000,0.0000,0.0000
0.0000,1.0000,0.0000
0.0000,0.0000,1.0000
1.0000,0.0000,0.0000
0.0000,1.0000,0.0000
0.0000,0.0000,1.0000
1.0000,0.0000,0.0000
0.0000,1.0000,0.0000
0.0000,0.9979,0.0021
1.0000,0.0000,0.0000
0.0000,1.0000,0.0000
0.0000,0.0000,1.0000
1.0000,0.0000,0.0000
0.0000,1.0000,0.0000
0.0000,0.0000,1.0000
1.0000,0.0000,0.0000
0.0000,1.0000,0.0000
0.0000,1.0000,0.0000
1.0000,0.0000,0.0000
0.0000,1.0000,0.0000
0.0000,0.0000,1.0000
1.0000,0.0000,0.0000
0.0000,1.0000,0.0000
0.0000,0.0000,1.0000
1.0000,0.0000,0.0000
0.0000,1.0000,0.0000
0.0000,0.0000,1.0000
1.0000,0.0000,0.0000
0.0000,1.0000,0.0000
0.0000,0.1195,0.8805
1.0000,0.0000,0.0000
0.0000,1.0000,0.0000
0.0000,0.2400,0.7600
1.0000,0.0000,0.0000
0.0000,1.0000,0.0000
0.0000,0.0000,1.0000
1.0000,0.0000,0.0000
0.0000,1.0000,0.0000
0.0000,0.0000,1.0000
1.0000,0.0000,0.0000
0.0000,1.0000,0.0000
0.0000,0.0000,1.0000
1.0000,0.0000,0.0000
0.0000,1.0000,0.0000
0.0000,0.2459,0.7541
1.0000,0.0000,0.0000
0.0000,1.0000,0.0000
0.0000,0.0000,1.0000
1.0000,0.0000,0.0000
0.0000,1.0000,0.0000
0.0000,1.0000,0.0000
1.0000,0.0000,0.0000
0.0000,1.0000,0.0000
0.0000,1.0000,0.0000
1.0000,0.0000,0.0000
0.0000,1.0000,0.0000
0.0000,0.0001,0.9999
1.0000,0.0000,0.0000
0.0000,1.0000,0.0000
0.0000,0.0000,1.0000
1.0000,0.0000,0.0000
0.0000,1.0000,0.0000
0.0000,0.0000,1.0000
1.0000,0.0000,0.0000
0.0000,1.0000,0.0000
0.0000,0.0000,1.0000
1.0000,0.0000,0.0000
0.0000,1.0000,0.0000
0.0000,0.0000,1.0000
1.0000,0.0000,0.0000
0.0000,1.0000,0.0000
0.0000,0.0267,0.9733
1.0000,0.0000,0.0000
0.0000,1.0000,0.0000
0.0000,0.0000,1.0000
1.0000,0.0000,0.0000
0.0000,1.0000,0.0000
0.0000,0.0000,1.0000
1.0000,0.0000,0.0000
0.0000,1.0000,0.0000
0.0000,0.0000,1.0000
1.0000,0.0000,0.0000
0.0000,1.0000,0.0000
0.0000,0.0000,1.0000
1.0000,0.0000,0.0000
0.0000,1.0000,0.0000
0.0000,0.0000,1.0000
1.0000,0.0000,0.0000
0.0000,1.0000,0.0000
0.0000,0.0000,1.0000
1.0000,0.0000,0.0000
0.0000,1.0000,0.0000
0.0000,0.6187,0.3812
1.0000,0.0000,0.0000
0.0000,1.0000,0.0000
0.0000,0.0000,1.0000
1.0000,0.0000,0.0000
0.0000,1.0000,0.0000
0.0000,1.0000,0.0000
1.0000,0.0000,0.0000
0.0000,1.0000,0.0000
0.0000,0.0505,0.9495
1.0000,0.0000,0.0000
0.0000,1.0000,0.0000
0.0000,1.0000,0.0000
1.0000,0.0000,0.0000
0.0000,1.0000,0.0000
0.0000,1.0000,0.0000
1.0000,0.0000,0.0000
0.0000,1.0000,0.0000
0.0000,1.0000,0.0000
1.0000,0.0000,0.0000
0.0000,1.0000,0.0000
0.0000,0.0030,0.9970
1.0000,0.0000,0.0000
0.0000,1.0000,0.0000
0.0000,0.0000,1.0000
1.0000,0.0000,0.0000
0.0000,1.0000,0.0000
0.0000,0.9297,0.0703
1.0000,0.0000,0.0000
0.0000,1.0000,0.0000
0.0000,0.0000,1.0000
1.0000,0.0000,0.0000
0.0000,1.0000,0.0000
0.0000,1.0000,0.0000
1.0000,0.0000,0.0000
0.0000,1.0000,0.0000
0.0000,0.0000,1.0000
1.0000,0.0000,0.0000
0.0000,1.0000,0.0000
0.0000,0.0000,1.0000
1.0000,0.0000,0.0000
0.0000,1.0000,0.0000
0.0000,0.0000,1.0000
1.0000,0.0000,0.0000
0.0000,1.0000,0.0000
0.0000,0.9916,0.0084
1.0000,0.0000,0.0000
0.0000,1.0000,0.0000
0.0000,0.0000,1.0000
1.0000,0.0000,0.0000
0.0000,1.0000,0.0000
0.0000,0.9999,0.0001
1.0000,0.0000,0.0000
0.0000,1.0000,0.0000
0.0000,0.0000,1.0000
1.0000,0.0000,0.0000
0.0000,1.0000,0.0000
0.0000,0.0097,0.9903
1.0000,0.0000,0.0000
0.0000,1.0000,0.0000
0.0000,0.0000,1.0000
1.0000,0.0000,0.0000
0.0000,1.0000,0.0000
0.0000,0.0000,1.0000
1.0000,0.0000,0.0000
0.0000,1.0000,0.0000
0.0000,0.0000,1.0000
1.0000,0.0000,0.0000
0.0000,1.0000,0.0000
0.0000,0.0000,1.0000
