1.0000,0.0000,0.0000
0.0000,1.0000,0.0000
0.0000,0.0000,1.0000
1.0000,0.0000,0.0000
0.0000,1.0000,0.0000
0.0000,0.0000,1.0000
1.0000,0.0000,0.0000
0.0000,1.0000,0.0000
0.0000,0.0000,1.0000
1.0000,0.0000,0.0000
0.0000,1.0000,0.0000
0.0000,0.0002,0.9998
1.0000,0.0000,0.0000
0.0000,1.0000,0.0000
0.0000,0.0000,1.0000
1.0000,0.0000,0.0000
0.0000,1.0000,0.0000
0.0000,0.0000,1.0000
1.0000,0.0000,0.0000
0.0000,1.0000,0.0000
0.0000,0.0000,1.0000
1.0000,0.0000,0.0000
0.0000,1.0000,0.0000
0.0000,0.0000,1.0000
1.0000,0.0000,0.0000
0.0000,1.0000,0.0000
0.0000,0.9992,0.0008
1.0000,0.0000,0.0000
0.0000,1.0000,0.0000
0.0000,0.0000,1.0000
1.0000,0.0000,0.0000
0.0000,1.0000,0.0000
0.0000,0.0000,1.0000
1.0000,0.0000,0.0000
0.0000,1.0000,0.0000
0.0000,0.0000,1.0000
1.0000,0.0000,0.0000
0.0000,1.0000,0.0000
0.0000,0.0000,1.0000
1.0000,0.0000,0.0000
0.0000,1.0000,0.0000
0.0000,0.0000,1.0000
1.0000,0.0000,0.0000
0.0000,1.0000,0.0000
0.0000,0.0000,1.0000
1.0000,0.0000,0.0000
0.0000,1.0000,0.0000
0.0000,1.0000,0.0000
1.0000,0.0000,0.0000
0.0000,1.0000,0.0000
0.0000,0.0000,1.0000
1.0000,0.0000,0.0000
0.0000,1.0000,0.0000
0.0000,0.0000,1.0000
1.0000,0.0000,0.0000
0.0000,1.0000,0.0000
0.0000,0.0000,1.0000
1.0000,0.0000,0.0000
0.0000,1.0000,0.0000
0.0000,1.0000,0.0000
1.0000,0.0000,0.0000
0.0000,1.0000,0.0000
0.0000,0.0000,1.0000
1.0000,0.0000,0.0000
0.0000,1.0000,0.0000
0.0000,0.0000,1.0000
1.0000,0.0000,0.0000
0.0000,1.0000,0.0000
0.0000,0.0000,1.0000
1.0000,0.0000,0.0000
0.0000,1.0000,0.0000
0.0000,0.0000,1.0000
1.0000,0.0000,0.0000
0.0000,1.0000,0.0000
0.0000,0.0000,1.0000
1.0000,0.0000,0.0000
0.0000,1.0000,0.0000
0.0000,0.0000,1.0000
1.0000,0.0000,0.0000
0.0000,1.0000,0.0000
0.0000,0.0000,1.0000
1.0000,0.0000,0.0000
0.0000,1.0000,0.0000
0.0000,0.3441,0.6559
1.0000,0.0000,0.0000
0.0000,1.0000,0.0000
0.0000,0.0000,1.0000
1.0000,0.0000,0.0000
0.0000,1.0000,0.0000
0.0000,0.0000,1.0000
1.0000,0.0000,0.0000
0.0000,1.0000,0.0000
0.0000,0.0000,1.0000
1.0000,0.0000,0.0000
0.0000,1.0000,0.0000
0.0000,0.0000,1.0000
1.0000,0.0000,0.0000
0.0000,1.0000,0.0000
0.0000,0.0000,1.0000
1.0000,0.0000,0.0000
0.0000,1.0000,0.0000
0.0000,0.0000,1.0000
1.0000,0.0000,0.0000
0.0000,1.0000,0.0000
0.0000,0.0000,1.0000
1.0000,0.0000,0.0000
0.0000,1.0000,0.0000
0.0000,0.0000,1.0000
1.0000,0.0000,0.0000
0.0000,1.0000,0.0000
0.0000,0.0011,0.9989
1.0000,0.0000,0.0000
0.0000,1.0000,0.0000
0.0000,0.0000,1.0000
1.0000,0.0000,0.0000
0.0000,1.0000,0.0000
0.0000,0.0000,1.0000
1.0000,0.0000,0.0000
0.0000,1.0000,0.0000
0.0000,0.0000,1.0000
1.0000,0.0000,0.0000
0.0000,1.0000,0.0000
0.0000,0.0000,1.0000
1.0000,0.0000,0.0000
0.0000,1.0000,0.0000
0.0000,0.0000,1.0000
1.0000,0.0000,0.0000
0.0000,1.0000,0.0000
0.0000,0.0401,0.9599
1.0000,0.0000,0.0000
0.0000,1.0000,0.0000
0.0000,0.0000,1.0000
1.0000,0.0000,0.0000
0.0000,1.0000,0.0000
0.0000,0.0133,0.9867
1.0000,0.0000,0.0000
0.0000,1.0000,0.0000
0.0000,0.0004,0.9996
1.0000,0.0000,0.0000
0.0000,1.0000,0.0000
0.0000,0.0000,1.0000
1.0000,0.0000,0.0000
0.0000,1.0000,0.0000
0.0000,0.0000,1.0000
1.0000,0.0000,0.0000
0.0000,1.0000,0.0000
0.0000,0.8901,0.1099
1.0000,0.0000,0.0000
0.0000,1.0000,0.0000
0.0000,0.0000,1.0000
1.0000,0.0000,0.0000
0.0000,1.0000,0.0000
0.0000,0.0000,1.0000
1.0000,0.0000,0.0000
0.0000,1.0000,0.0000
0.0000,0.8947,0.1053
1.0000,0.0000,0.0000
0.0000,1.0000,0.0000
0.0000,0.0000,1.0000
1.0000,0.0000,0.0000
0.0000,1.0000,0.0000
0.0000,0.0000,1.0000
1.0000,0.0000,0.0000
0.0000,1.0000,0.0000
0.0000,0.0000,1.0000
1.0000,0.0000,0.0000
0.0000,1.0000,0.0000
0.0000,0.0024,0.9976
1.0000,0.0000,0.0000
0.0000,1.0000,0.0000
0.0000,0.0581,0.9419
1.0000,0.0000,0.0000
0.0000,1.0000,0.0000
0.0000,0.0000,1.0000
1.0000,0.0000,0.0000
0.0000,1.0000,0.0000
0.0000,0.0000,1.0000
1.0000,0.0000,0.0000
0.0000,1.0000,0.0000
0.0000,0.0000,1.0000
1.0000,0.0000,0.0000
0.0000,1.0000,0.0000
0.0000,0.0013,0.9987
1.0000,0.0000,0.0000
0.0000,1.0000,0.0000
0.0000,0.0000,1.0000
1.0000,0.0000,0.0000
0.0000,1.0000,0.0000
0.0000,1.0000,0.0000
1.0000,0.0000,0.0000
0.0000,1.0000,0.0000
0.0000,1.0000,0.0000
1.0000,0.0000,0.0000
0.0000,1.0000,0.0000
0.0000,0.0000,1.0000
1.0000,0.0000,0.0000
0.0000,1.0000,0.0000
0.0000,0.0000,1.0000
1.0000,0.0000,0.0000
0.0000,1.0000,0.0000
0.0000,0.0000,1.0000
1.0000,0.0000,0.0000
0.0000,1.0000,0.0000
0.0000,0.0000,1.0000
1.0000,0.0000,0.0000
0.0000,1.0000,0.0000
0.0000,0.0000,1.0000
1.0000,0.0000,0.0000
0.0000,1.0000,0.0000
0.0000,0.5887,0.4113
1.0000,0.0000,0.0000
0.0000,1.0000,0.0000
0.0000,0.0000,1.0000
1.0000,0.0000,0.0000
0.0000,1.0000,0.0000
0.0000,0.0000,1.0000
1.0000,0.0000,0.0000
0.0000,1.0000,0.0000
0.0000,0.0000,1.0000
1.0000,0.0000,0.0000
0.0000,1.0000,0.0000
0.0000,0.0000,1.0000
1.0000,0.0000,0.0000
0.0000,1.0000,0.0000
0.0000,0.0000,1.0000
1.0000,0.0000,0.0000
0.0000,1.0000,0.0000
0.0000,0.0000,1.0000
1.0000,0.0000,0.0000
0.0000,1.0000,0.0000
0.0000,0.0000,1.0000
1.0000,0.0000,0.0000
0.0000,1.0000,0.0000
0.0000,0.0000,1.0000
1.0000,0.0000,0.0000
0.0000,1.0000,0.0000
0.0000,1.0000,0.0000
1.0000,0.0000,0.0000
0.0000,1.0000,0.0000
0.0000,0.0278,0.9722
1.0000,0.0000,0.0000
0.0000,1.0000,0.0000
0.0000,1.0000,0.0000
1.0000,0.0000,0.0000
0.0000,1.0000,0.0000
0.0000,1.0000,0.0000
1.0000,0.0000,0.0000
0.0000,1.0000,0.0000
0.0000,1.0000,0.0000
1.0000,0.0000,0.0000
0.0000,1.0000,0.0000
0.0000,0.0000,1.0000
1.0000,0.0000,0.0000
0.0000,1.0000,0.0000
0.0000,0.0000,1.0000
1.0000,0.0000,0.0000
0.0000,1.0000,0.0000
0.0000,0.0006,0.9994
1.0000,0.0000,0.0000
0.0000,1.0000,0.0000
0.0000,0.0000,1.0000
1.0000,0.0000,0.0000
0.0000,1.0000,0.0000
0.0000,1.0000,0.0000
1.0000,0.0000,0.0000
0.0000,1.0000,0.0000
0.0000,0.0000,1.0000
1.0000,0.0000,0.0000
0.0000,1.0000,0.0000
0.0000,0.0000,1.0000
1.0000,0.0000,0.0000
0.0000,1.0000,0.0000
0.0000,0.0000,1.0000
1.0000,0.0000,0.0000
0.0000,1.0000,0.0000
0.0000,0.8660,0.1340
1.0000,0.0000,0.0000
0.0000,1.0000,0.0000
0.0000,0.0000,1.0000
1.0000,0.0000,0.0000
0.0000,1.0000,0.0000
0.0000,0.9999,0.0001
1.0000,0.0000,0.0000
0.0000,1.0000,0.0000
0.0000,0.0000,1.0000
1.0000,0.0000,0.0000
0.0000,1.0000,0.0000
0.0000,0.0000,1.0000
1.0000,0.0000,0.0000
0.0000,1.0000,0.0000
0.0000,0.0000,1.0000
1.0000,0.0000,0.0000
0.0000,1.0000,0.0000
0.0000,0.0000,1.0000
1.0000,0.0000,0.0000
0.0000,1.0000,0.0000
0.0000,0.0000,1.0000
1.0000,0.0000,0.0000
0.0000,1.0000,0.0000
0.0000,0.0000,1.0000
